1010101010;0000000000;0000000000;0000000000;0000000000;0000000000;0000000000;0000000000;0000000000
1111111111;0000000000;0000000000;0000000000;0000000000;0000000000;0000000000;0000000000;000A00A000
1111111111;0000111000;0000000000;0000000000;0000000000;0000000000;0000000000;0000000000;000A00A000
1111111111;1000111001;0000000000;0000000000;0000000000;0000000000;0000000000;0000000000;000A00A000
1111111111;1111111111;0000000000;0000000000;0000000000;0000000000;0000000000;0000000000;000A00A000
1212121212;0000000000;0000000000;0000000000;0000000000;0000000000;0000000000;0000000000;000A00A000
1212121212;0000000000;0000000000;0000000000;0000000000;0000000000;0000000000;0000000000;000A00A000
1212121212;0000111000;0000000000;0000000000;0000000000;0000000000;0000000000;0000000000;000A00A000
1212121212;1000111001;0000000000;0000000000;0000000000;0000000000;0000000000;0000000000;000A00A000
1212121212;1111111111;0000000000;0000000000;0000000000;0000000000;0000000000;0000000000;000A00A000
2222222222;2121221212;0000000000;0000000000;0000000000;0000000000;0000000000;0000000000;00AA00AA00
2222222222;2121221212;1000000001;0000000000;0000000000;0000000000;0000000000;0000000000;00AA00AA00
2222222222;2121221212;0000111000;0000000000;0000000000;0000000000;0000000000;0000000000;00AA00AA00
2222222222;2121221212;1000111001;0000000000;0000000000;0000000000;0000000000;0000000000;00AA00AA00
2222222222;2121221212;1111111111;0000000000;0000000000;0000000000;0000000000;0000000000;00AA00AA00
2222222222;2222222222;1111111111;0000000000;0000000000;0000000000;0000000000;0000000000;00AA00AA00
2222222222;2222222222;2222222222;0000000000;0000000000;0000000000;0000000000;0000000000;00AA00AA00
2222222222;2222222222;2222222222;1111111111;0000000000;0000000000;0000000000;0000000000;00AA00AA00
2222222222;2222222222;2222222222;2222222222;0000000000;0000000000;0000000000;0000000000;00AA00AA00